52.250
51.750
51.500
51.000
52.625
51.750
51.750
52.250
50.750
52.250
50.750
48.875
45.500
46.750
50.625
49.250
47.750
50.250
52.000
52.750
52.375
52.000
54.750
56.500
53.750
54.250
58.250
57.000
57.125
60.750
63.750
62.250
60.875
60.500
61.625
66.750
62.750
60.750
63.375
63.750
61.750
59.000
58.125
61.000
61.750
65.000
68.750
68.375
67.625
67.000
69.750
72.125
70.500
68.500
72.000
72.000
71.500
72.000
66.125
62.250
57.250
63.750
63.500
65.000
64.000
64.250
64.250
61.250
62.000
64.125
60.375
58.500
42.250
41.875
38.000
38.500
39.250
39.875
36.688
36.375
35.750
35.625
37.125
38.750
39.500
40.625
39.125
39.500
38.500
37.500
34.000
34.250
36.000
36.375
36.500
35.625
38.750
38.750
37.875
37.250
37.063
35.813
35.250
37.000
37.625
36.875
36.750
35.375
34.250
33.750
33.500
32.625
32.375
32.750
31.750
32.500
32.125
33.000
32.250
34.875
34.000
34.375
34.125
34.750
34.125
34.250
31.375
31.313
32.375
32.000
31.875
32.250
32.875
33.125
33.500
32.500
33.625
33.875
32.875
32.750
34.875
34.875
35.375
34.625
35.750
35.000
37.813
38.125
40.000
43.000
42.250
41.750
43.000
42.625
41.375
41.625
40.500
40.750
40.125
39.375
40.250
41.500
42.500
42.625
44.875
43.000
43.125
42.000
41.875
41.875
40.250
37.875
37.250
37.625
37.125
36.125
35.875
36.750
35.063
35.375
36.500
36.500
36.000
37.250
35.000
34.250
34.375
36.000
36.125
36.000
34.750
33.875
34.813
35.313
35.875
36.125
36.063
35.250
35.125
34.875
34.875
33.875
32.500
32.500
30.063
30.125
31.500
35.250
32.750
32.625
32.000
30.375
32.250
31.750
30.500
30.375
30.375
30.875
30.875
30.750
33.125
33.250
32.750
32.750
32.625
32.000
32.500
33.000
32.500
32.250
34.125
37.250
35.750
35.750
35.125
35.875
37.500
36.000
34.875
35.250
34.375
33.375
33.750
33.938
33.000
33.250
32.875
32.250
32.875
33.750
33.375
36.063
38.000
37.625
36.875
35.000
37.875
37.875
37.250
37.500
36.875
35.750
34.750
33.813
35.500
36.250
35.875
36.875
37.625
37.000
37.000
36.875
36.500
35.750
34.500
34.750
34.750
33.875
33.750
32.750
34.000
34.625
34.250
33.750
33.250
34.500
35.000
35.125
36.875
39.000
40.063
41.000
42.500
41.500
41.500
40.375
39.875
39.500
39.500
39.500
39.500
39.500
43.375
42.125
42.375
42.000
40.500
41.125
40.375
40.000
39.250
39.250
39.000
40.000
40.875
41.750
40.750
39.375
39.000
38.125
37.125
37.500
37.375
38.625
39.125
40.500
42.125
42.250
41.375
39.250
39.375
39.000
37.250
37.438
37.375
37.875
37.125
38.000
36.500
36.000
35.625
36.500
36.125
37.375
37.875
37.625
36.500
34.750
35.375
36.500
37.750
36.563
38.688
39.375
37.500
39.750
39.625
39.375
36.875
36.500
37.875
37.125
35.500
36.500
36.750
36.625
36.500
35.375
33.688
35.375
34.063
33.250
33.250
33.250
34.750
34.875
38.625
40.500
41.250
41.000
41.500
42.750
41.125
40.125
39.875
40.750
42.000
43.000
43.375
43.625
43.000
41.938
41.250
42.250
42.000
41.500
41.500
40.250
39.875
39.750
40.250
40.625
37.875
38.625
38.500
39.125
41.750
44.000
46.500
45.375
46.375
44.000
43.250
43.813
43.750
43.000
44.313
44.750
44.125
43.813
46.000
46.250
46.375
48.875
47.750
45.500
44.625
45.188
40.500
41.375
42.438
43.125
41.500
41.500
41.750
41.500
41.250
41.375
41.563
40.250
36.000
35.875
35.688
35.500
35.375
35.250
35.313
35.063
34.750
36.250
37.125
37.625
38.500
37.375
36.125
36.250
37.688
37.500
37.375
37.063
37.063
37.063
37.625
37.063
37.125
38.438
37.750
37.750
37.125
37.375
37.750
38.000
39.250
40.250
39.875
38.813
40.250
39.688
40.875
42.375
40.500
41.500
41.188
43.438
41.500
43.125
42.750
40.813
38.063
39.938
39.375
40.625
41.063
40.938
41.750
41.313
41.250
41.000
44.563
45.250
45.313
45.125
44.625
45.750
49.750
52.125
51.750
50.938
50.813
49.875
50.125
50.375
49.813
50.188
49.500
50.625
51.063
51.250
51.500
50.313
51.875
52.000
51.375
49.750
47.875
50.313
50.000
49.125
49.000
49.375
46.250
48.531
48.938
48.125
47.750
48.875
48.438
48.063
47.875
47.750
47.063
47.125
45.250
45.750
48.500
48.750
42.125
43.000
42.625
42.938
41.188
42.313
41.750
42.000
42.813
41.625
42.125
41.625
41.000
42.500
41.625
40.625
39.063
35.250
36.250
34.688
35.000
34.625
36.875
37.188
36.313
37.063
37.750
38.375
40.188
41.250
40.500
41.063
42.438
41.813
42.188
41.250
40.750
40.250
38.875
39.250
39.250
39.625
39.063
38.500
38.250
37.375
37.375
37.938
37.625
38.500
38.375
38.313
39.250
39.438
40.000
40.625
40.313
40.375
41.250
43.438
43.313
43.813
43.875
43.750
43.844
41.750
42.750
43.563
44.219
43.125
43.625
43.875
43.688
44.500
43.625
44.750
44.781
44.375
43.875
44.438
43.625
42.625
43.938
43.250
43.125
44.063
44.375
48.000
45.500
45.375
45.188
45.750
46.625
47.000
46.188
44.750
44.938
45.313
46.875
46.688
48.250
48.375
48.688
50.000
49.063
50.688
49.688
50.625
50.125
48.813
50.625
50.063
50.375
49.875
49.375
49.250
49.813
50.625
47.250
46.000
45.313
45.250
45.375
44.938
45.500
44.688
44.063
43.375
41.375
41.688
41.875
39.938
39.313
41.000
40.000
40.688
40.875
40.500
43.500
42.000
40.813
40.000
39.625
41.750
41.500
40.938
39.438
40.125
40.500
42.063
44.375
42.438
42.750
42.438
41.563
41.375
41.063
40.750
41.625
40.813
40.188
39.875
39.000
39.313
39.813
39.938
40.500
39.625
39.500
38.875
37.875
37.875
37.750
36.063
34.250
32.313
31.000
30.250
30.563
30.500
30.250
32.188
30.813
27.375
27.625
26.938
27.125
27.000
25.813
25.125
24.938
24.438
24.563
27.625
26.875
27.188
26.250
27.625
25.000
24.813
24.438
25.688
28.000
28.250
28.000
28.500
30.563
31.688
30.750
31.875
32.000
32.188
33.813
33.563
33.438
34.875
35.000
34.688
32.875
34.000
32.500
32.000
30.938
31.625
33.500
34.500
33.625
32.375
35.563
36.125
38.125
35.063
37.438
36.250
35.625
36.875
36.375
36.594
39.125
37.125
38.625
39.063
40.375
41.125
43.500
43.250
42.813
44.125
44.500
44.750
45.375
45.125
44.875
44.625
45.250
48.000
46.250
47.313
46.875
44.750
45.938
45.000
45.938
45.125
46.625
44.625
44.875
44.375
40.938
37.375
40.625
38.141
43.875
44.500
42.813
45.938
47.375
46.813
47.000
46.875
46.000
46.750
49.938
48.875
47.125
48.125
48.813
49.000
48.688
49.063
47.688
48.938
50.375
49.125
48.375
48.500
50.000
48.875
49.125
49.000
47.750
47.875
45.938
47.625
46.188
46.063
46.375
43.688
44.438
45.063
43.563
42.250
39.750
42.250
42.313
43.750
43.750
43.500
43.063
40.250
40.188
40.625
40.188
45.625
46.188
48.063
47.500
48.000
48.250
47.688
48.250
50.188
49.125
49.750
54.000
52.313
50.688
54.000
56.000
56.938
59.000
56.250
56.750
56.375
55.625
55.563
54.000
53.813
56.375
56.750
57.250
56.375
59.438
58.875
58.813
59.750
61.813
63.500
64.000
65.000
64.750
63.250
63.375
64.625
63.000
63.250
65.000
67.938
72.438
72.250
73.688
73.438
72.313
73.625
74.438
77.875
80.250
79.250
78.813
76.375
73.563
74.500
74.125
72.500
75.063
73.500
72.563
69.938
67.875
71.188
70.250
67.875
69.125
70.875
74.000
73.875
82.563
82.938
86.625
87.875
84.688
83.375
85.625
87.500
82.156
85.250
85.063
85.000
84.938
84.750
86.188
87.875
87.563
90.000
90.000
90.000
91.750
89.375
90.250
85.375
86.625
85.688
87.438
86.625
84.750
85.750
85.375
86.813
83.375
87.500
87.125
87.125
86.688
87.063
86.000
88.938
92.000
95.938
95.188
95.875
99.000
105.000
103.063
99.938
97.875
98.875
97.313
99.625
98.375
98.750
105.000
104.625
102.000
103.500
